1 443372888629441
2 39671149333495681
3 842526563598720001
4 2380296518909971201
5 3188618003602886401
6 4208895375600667752001
7 1159954316194989017102401
8 2088144166339753513992001
9 2196407820059694924883201
10 3339611018825185787482801
11 4105879060352839139462401
12 5002862939121639632040001
13 7865064643837556041286401
14 9400084864021826054720641
15 12071465216556111317952001
16 31280524488319495535546401
17 32492501043239735947612801
18 36991212507320386599648001
19 44774022865681509785985601
20 50473184681492173584023041
21 54475112449147532388966721
22 76587257660615840312697601
23 111356194710608262218643841
24 373851853012084355680131361
25 419746116449969951645203201
26 480650413824292471675755841
27 507710311713618241797676801
28 571197082724681188312817281
29 598764213578029575774297601
30 667882655094744395121816001
31 768927403921604814222336001
32 922904786964947393227420801
33 946295515632681859275671041
34 1941211286859256920630460801
35 2119047331560739293908113921
36 2142752298785201165308646401
37 2325041445996414342573536161
38 3213322593860118229475166721
39 4635427415991948819511107841
40 5466953848346666426169619201
41 6037031106243073961934109201
42 6473975735726053723736568001
43 7006270310872326698183179201
44 8601689148505906566116203201
45 9799274291299994931676646401
